0.001758 0.001758 0.000781 0.001465 0.001172 0.000977 0.001562 0.001855 0.001660 0.000195 0.003125 0.001758 0.001563 0.002246 0.001172 0.001758 0.000000 0.000684 0.000684 0.000293 0.001660 0.002051 0.000879 0.001660 0.000000 0.001074 0.000977 0.002051 0.002637 0.000586 0.002441 0.001855
0.000000 0.001172 0.001270 0.000977 0.000977 0.001367 0.000684 0.001270 0.002344 0.001563 0.002832 0.001270 0.001758 0.001758 0.000000 0.001563 0.000000 0.000586 0.000781 0.000977 0.001074 0.001172 0.000391 0.000586 0.001367 0.000488 0.001562 0.001172 0.000488 0.001172 0.001074 0.000977
0.000000 0.000000 0.000195 0.000000 0.000000 0.000000 0.000391 0.000391 0.001270 0.000879 0.000293 0.000488 0.000000 0.000391 0.000293 0.000879 0.000586 0.000000 0.001172 0.000098 0.000000 0.000000 0.000000 0.000000 0.000000 0.000098 0.000000 0.000391 0.010059 0.000293 0.000000 0.000586
0.000293 0.000000 0.000000 0.000000 0.000000 0.000000 0.000098 0.000391 0.001367 0.000000 0.000000 0.000977 0.000000 0.000391 0.000000 0.000293 0.001660 0.000000 0.000098 0.000000 0.000000 0.000000 0.000000 0.000000 0.000000 0.000488 0.000000 0.006348 0.000000 0.000879 0.000293 0.001172
0.005859 0.003711 0.003320 0.004297 0.000684 0.001758 0.002246 0.002539 0.000977 0.000586 0.000879 0.002051 0.001172 0.002051 0.000977 0.001758 0.002637 0.001855 0.004199 0.001660 0.000977 0.001953 0.001563 0.003223 0.001465 0.000977 0.000781 0.004785 0.000977 0.001758 0.003125 0.000000
0.000000 0.003711 0.000000 0.000000 0.000098 0.000488 0.000000 0.002051 0.001367 0.000977 0.000879 0.001465 0.000000 0.001563 0.000879 0.001562 0.002930 0.003516 0.002051 0.003418 0.001172 0.002832 0.001855 0.001367 0.001855 0.001172 0.002539 0.001270 0.000879 0.000977 0.001855 0.000000
0.003613 0.001660 0.001758 0.000684 0.001660 0.001758 0.001270 0.000879 0.001367 0.000000 0.000977 0.000098 0.000000 0.000000 0.000781 0.000000 0.000977 0.000000 0.000098 0.000000 0.000391 0.001270 0.001074 0.000000 0.000391 0.000000 0.000000 0.000000 0.000098 0.000000 0.001855 0.000000
0.000000 0.000000 0.000000 0.003223 0.000000 0.000000 0.000000 0.000000 0.000000 0.000293 0.000000 0.000000 0.000195 0.000781 0.000195 0.000000 0.000977 0.000879 0.000195 0.004492 0.000684 0.000195 0.000488 0.000000 0.000977 0.000000 0.000000 0.000000 0.000391 0.000195 0.001172 0.000000
0.000195 0.000000 0.003320 0.002051 0.001074 0.001172 0.000684 0.000781 0.000000 0.000000 0.000098 0.000000 0.000000 0.001367 0.000391 0.000195 0.001758 0.000000 0.001074 0.000000 0.001465 0.001367 0.003418 0.001563 0.000879 0.000000 0.001855 0.000098 0.001367 0.001367 0.001660 0.012598
0.003027 0.002051 0.002051 0.003027 0.000586 0.001953 0.001074 0.001172 0.000000 0.000000 0.000000 0.000000 0.000000 0.000098 0.000000 0.000586 0.000488 0.000977 0.000781 0.001367 0.001074 0.001855 0.000098 0.001172 0.002148 0.002832 0.000977 0.000977 0.000977 0.001465 0.001074 0.001172
0.001758 0.000488 0.001172 0.002148 0.000000 0.000000 0.000000 0.000293 0.000000 0.000000 0.000000 0.000000 0.000000 0.000000 0.000000 0.000000 0.000684 0.000000 0.000000 0.000000 0.000098 0.000098 0.000098 0.000000 0.000000 0.000000 0.000000 0.000293 0.000391 0.000488 0.000293 0.002246
0.001465 0.001074 0.001563 0.000781 0.000879 0.000000 0.000000 0.000000 0.000000 0.000000 0.000000 0.000000 0.000000 0.000000 0.000000 0.000000 0.000000 0.000000 0.000000 0.000000 0.000293 0.000000 0.000000 0.001367 0.000000 0.000000 0.000000 0.000000 0.000000 0.000000 0.000195 0.001563
0.000000 0.001270 0.002148 0.000000 0.000195 0.000195 0.000391 0.000000 0.000098 0.000098 0.000879 0.000684 0.000000 0.001855 0.001367 0.001465 0.012988 0.000488 0.001758 0.001367 0.000781 0.001563 0.002734 0.003516 0.002246 0.001172 0.001562 0.002832 0.000000 0.002930 0.007910 0.034375
0.000977 0.001172 0.001953 0.001855 0.000000 0.000293 0.001270 0.004199 0.000000 0.000000 0.001270 0.001074 0.000879 0.001367 0.000098 0.000000 0.000586 0.000977 0.001367 0.001855 0.001953 0.002344 0.002441 0.002734 0.002734 0.002148 0.001074 0.002832 0.000000 0.001855 0.002734 0.000000
0.000879 0.000879 0.000195 0.000000 0.000293 0.000586 0.001367 0.001172 0.000781 0.000000 0.000000 0.000000 0.000000 0.000000 0.000000 0.000000 0.000000 0.000000 0.000586 0.000000 0.000488 0.000000 0.000586 0.000488 0.000684 0.000195 0.000000 0.000000 0.000488 0.001172 0.002441 0.010645
0.000586 0.000000 0.000391 0.000000 0.000000 0.000000 0.000000 0.000391 0.000000 0.000195 0.000000 0.000000 0.000195 0.000000 0.000000 0.000000 0.000000 0.000000 0.000000 0.000000 0.000000 0.000684 0.001172 0.001270 0.000000 0.000000 0.000000 0.000293 0.000000 0.000684 0.000293 0.000000
0.000195 0.000293 0.001172 0.001270 0.000000 0.000000 0.000293 0.000879 0.001270 0.001953 0.002734 0.000781 0.001270 0.001074 0.001758 0.002148 0.000000 0.000000 0.000000 0.000195 0.000977 0.001172 0.000195 0.004492 0.001074 0.000781 0.000488 0.000977 0.000977 0.000879 0.001367 0.000000
0.001270 0.001367 0.001758 0.002246 0.000000 0.001367 0.000000 0.000098 0.002539 0.002539 0.001465 0.000977 0.000879 0.001367 0.000977 0.001367 0.000000 0.000000 0.000000 0.000195 0.000000 0.000000 0.000195 0.000000 0.000195 0.000977 0.000684 0.002441 0.000684 0.000488 0.000098 0.001855
0.000977 0.000391 0.001855 0.000391 0.000000 0.000000 0.000000 0.000684 0.002148 0.000000 0.001074 0.000781 0.000000 0.001465 0.000000 0.000391 0.000000 0.000000 0.000586 0.000391 0.000000 0.000293 0.000000 0.000000 0.000879 0.000684 0.000977 0.000000 0.000000 0.000781 0.000000 0.001074
0.000781 0.000684 0.000879 0.000000 0.000000 0.000000 0.000000 0.000684 0.000098 0.000684 0.000293 0.001270 0.000000 0.000000 0.000000 0.000000 0.000000 0.000000 0.000000 0.000000 0.000000 0.000000 0.000000 0.000000 0.000000 0.000000 0.000000 0.000684 0.000000 0.000000 0.000098 0.001172
0.000488 0.000000 0.001465 0.001074 0.000000 0.000391 0.000000 0.000781 0.002734 0.000000 0.001660 0.002344 0.000977 0.000879 0.000781 0.001563 0.000391 0.011035 0.001074 0.001660 0.001855 0.001660 0.000684 0.001562 0.000000 0.000684 0.001270 0.011035 0.000488 0.000586 0.000977 0.000488
0.000586 0.000977 0.001855 0.002832 0.000000 0.000977 0.000000 0.000098 0.000977 0.002051 0.001367 0.001367 0.000781 0.000195 0.000000 0.000586 0.001270 0.000879 0.001660 0.000098 0.000879 0.001465 0.000293 0.000098 0.000000 0.000488 0.000195 0.000000 0.000391 0.000977 0.000000 0.000000
0.000488 0.000000 0.000684 0.000000 0.000000 0.000000 0.000000 0.000000 0.001367 0.000000 0.000586 0.000098 0.000000 0.000781 0.000000 0.000000 0.000488 0.000000 0.001172 0.000000 0.000000 0.000195 0.000000 0.000000 0.000000 0.000000 0.000684 0.000000 0.000000 0.000000 0.000000 0.000293
0.000000 0.000000 0.000293 0.000000 0.000000 0.000000 0.000000 0.000000 0.000000 0.000000 0.000000 0.000000 0.000000 0.000000 0.000000 0.001465 0.000781 0.000684 0.000000 0.000000 0.000000 0.000000 0.000000 0.000879 0.000000 0.000000 0.000000 0.000000 0.000000 0.000000 0.000000 0.000000
0.000781 0.000098 0.000000 0.000000 0.000684 0.000000 0.000000 0.000488 0.018457 0.001172 0.001562 0.000000 0.000781 0.000586 0.000977 0.000586 0.000000 0.001270 0.001563 0.000488 0.000488 0.000488 0.000391 0.001563 0.000488 0.000391 0.000000 0.000879 0.000586 0.002051 0.001758 0.003809
0.000098 0.000391 0.000000 0.000000 0.000195 0.000000 0.000000 0.000000 0.001367 0.002051 0.000391 0.000879 0.000000 0.000000 0.000000 0.000488 0.001172 0.001270 0.001367 0.001270 0.000000 0.000391 0.000000 0.001172 0.000195 0.000000 0.000488 0.000195 0.001563 0.001074 0.000488 0.002539
0.000000 0.000000 0.000098 0.000000 0.000000 0.000000 0.000000 0.000000 0.001465 0.000684 0.000488 0.000098 0.000000 0.000000 0.000000 0.000000 0.000000 0.000684 0.000586 0.000684 0.000000 0.001172 0.000000 0.000098 0.000000 0.000000 0.000000 0.000195 0.000293 0.001172 0.003223 0.001758
0.000000 0.000000 0.000098 0.000000 0.000000 0.000000 0.000000 0.000000 0.000000 0.000000 0.000195 0.000000 0.000000 0.000000 0.000000 0.000000 0.000488 0.000000 0.000000 0.000000 0.000000 0.000000 0.000195 0.000000 0.000293 0.000000 0.000000 0.000781 0.000000 0.000879 0.001758 0.001465
0.010254 0.006250 0.000977 0.000000 0.000098 0.000000 0.000000 0.008496 0.000684 0.000000 0.000488 0.000684 0.000781 0.000391 0.000586 0.000586 0.000000 0.000488 0.002539 0.019043 0.001367 0.000977 0.002051 0.012891 0.001563 0.002148 0.000098 0.000000 0.001660 0.001660 0.000879 0.000879
0.002832 0.002539 0.000195 0.000000 0.000000 0.000488 0.000000 0.000000 0.001367 0.000586 0.000000 0.001758 0.000391 0.001172 0.000000 0.000879 0.001563 0.000684 0.001758 0.001465 0.000391 0.000977 0.000000 0.001953 0.001953 0.003125 0.000000 0.000000 0.000781 0.001758 0.000000 0.000781
0.002637 0.002148 0.000000 0.000000 0.000000 0.000000 0.000000 0.000000 0.000098 0.000000 0.000000 0.000000 0.000000 0.000781 0.000000 0.000000 0.001270 0.000000 0.000195 0.001074 0.000000 0.000684 0.000684 0.000781 0.003516 0.001953 0.000977 0.000879 0.000000 0.000000 0.000000 0.000195
0.002637 0.002441 0.000000 0.000000 0.000000 0.000000 0.000000 0.000000 0.000000 0.000000 0.000195 0.000000 0.000000 0.000000 0.000000 0.000000 0.000000 0.000000 0.000000 0.000000 0.000000 0.000000 0.000000 0.000684 0.001367 0.000000 0.000000 0.000000 0.000000 0.000000 0.000000 0.000000
